example_array = [36, 58, 41, 55, 90, 37, 97, 63, 18, 92, 5, 45, 75, 62, 81, 95, 57, 86, 2, 8, 34, 31, 83, 89, 10, 60, 70, 84, 87, 66, 42, 74, 43, 12, 46, 69, 20, 7, 98, 22, 32, 13, 72, 16, 24, 53, 54, 23, 96, 56, 25, 100, 64, 94, 27, 35, 82, 6, 33, 28, 91, 44, 40, 67, 48, 79, 11, 21, 80, 9, 30, 29, 71, 65, 73, 49, 78, 39, 51, 19, 38, 76, 47, 93, 15, 68, 52, 88, 14, 85, 4, 26, 61, 3, 50, 99, 17, 77, 1]

def missingNumber(arr)
  # your answer
  sum_1 = 0
  for i in 0..100
    sum_1 += i
  end
  sum_2 = 0
  for i in 0..(arr.length - 1)
    sum_2 += arr[i]
  end
  result = sum_1 - sum_2
  return result
    
end

puts missingNumber(example_array)
# => 59
